{
 "cells": [
  {
   "cell_type": "code",
   "execution_count": 58,
   "metadata": {},
   "outputs": [],
   "source": [
    "import numpy as np\n",
    "import pandas as pd\n",
    "import seaborn as sns\n",
    "import matplotlib.pyplot as plt\n",
    "import warnings\n",
    "warnings.filterwarnings('ignore')"
   ]
  },
  {
   "cell_type": "code",
   "execution_count": 59,
   "metadata": {},
   "outputs": [
    {
     "data": {
      "text/plain": [
       "'C:\\\\Users\\\\Sristi\\\\Documents\\\\R\\\\data'"
      ]
     },
     "execution_count": 59,
     "metadata": {},
     "output_type": "execute_result"
    }
   ],
   "source": [
    "import os\n",
    "os.chdir(\"C:/Users/Sristi/Documents/R/data\")\n",
    "os.getcwd()"
   ]
  },
  {
   "cell_type": "code",
   "execution_count": 60,
   "metadata": {},
   "outputs": [
    {
     "data": {
      "text/html": [
       "<div>\n",
       "<style scoped>\n",
       "    .dataframe tbody tr th:only-of-type {\n",
       "        vertical-align: middle;\n",
       "    }\n",
       "\n",
       "    .dataframe tbody tr th {\n",
       "        vertical-align: top;\n",
       "    }\n",
       "\n",
       "    .dataframe thead th {\n",
       "        text-align: right;\n",
       "    }\n",
       "</style>\n",
       "<table border=\"1\" class=\"dataframe\">\n",
       "  <thead>\n",
       "    <tr style=\"text-align: right;\">\n",
       "      <th></th>\n",
       "      <th>age</th>\n",
       "      <th>sex</th>\n",
       "      <th>cp</th>\n",
       "      <th>trestbps</th>\n",
       "      <th>chol</th>\n",
       "      <th>fbs</th>\n",
       "      <th>restecg</th>\n",
       "      <th>thalach</th>\n",
       "      <th>exang</th>\n",
       "      <th>oldpeak</th>\n",
       "      <th>slope</th>\n",
       "      <th>thal</th>\n",
       "      <th>target</th>\n",
       "    </tr>\n",
       "  </thead>\n",
       "  <tbody>\n",
       "    <tr>\n",
       "      <td>0</td>\n",
       "      <td>63</td>\n",
       "      <td>1</td>\n",
       "      <td>4</td>\n",
       "      <td>140</td>\n",
       "      <td>260</td>\n",
       "      <td>0</td>\n",
       "      <td>1</td>\n",
       "      <td>112</td>\n",
       "      <td>1</td>\n",
       "      <td>3.0</td>\n",
       "      <td>2</td>\n",
       "      <td>6</td>\n",
       "      <td>2</td>\n",
       "    </tr>\n",
       "    <tr>\n",
       "      <td>1</td>\n",
       "      <td>44</td>\n",
       "      <td>1</td>\n",
       "      <td>4</td>\n",
       "      <td>130</td>\n",
       "      <td>209</td>\n",
       "      <td>0</td>\n",
       "      <td>1</td>\n",
       "      <td>127</td>\n",
       "      <td>0</td>\n",
       "      <td>0.0</td>\n",
       "      <td>2</td>\n",
       "      <td>6</td>\n",
       "      <td>0</td>\n",
       "    </tr>\n",
       "    <tr>\n",
       "      <td>2</td>\n",
       "      <td>60</td>\n",
       "      <td>1</td>\n",
       "      <td>4</td>\n",
       "      <td>132</td>\n",
       "      <td>218</td>\n",
       "      <td>0</td>\n",
       "      <td>1</td>\n",
       "      <td>140</td>\n",
       "      <td>1</td>\n",
       "      <td>1.5</td>\n",
       "      <td>3</td>\n",
       "      <td>6</td>\n",
       "      <td>2</td>\n",
       "    </tr>\n",
       "    <tr>\n",
       "      <td>3</td>\n",
       "      <td>55</td>\n",
       "      <td>1</td>\n",
       "      <td>4</td>\n",
       "      <td>142</td>\n",
       "      <td>228</td>\n",
       "      <td>0</td>\n",
       "      <td>1</td>\n",
       "      <td>149</td>\n",
       "      <td>1</td>\n",
       "      <td>2.5</td>\n",
       "      <td>1</td>\n",
       "      <td>6</td>\n",
       "      <td>1</td>\n",
       "    </tr>\n",
       "    <tr>\n",
       "      <td>4</td>\n",
       "      <td>66</td>\n",
       "      <td>1</td>\n",
       "      <td>3</td>\n",
       "      <td>110</td>\n",
       "      <td>213</td>\n",
       "      <td>1</td>\n",
       "      <td>2</td>\n",
       "      <td>99</td>\n",
       "      <td>1</td>\n",
       "      <td>1.3</td>\n",
       "      <td>2</td>\n",
       "      <td>6</td>\n",
       "      <td>0</td>\n",
       "    </tr>\n",
       "    <tr>\n",
       "      <td>...</td>\n",
       "      <td>...</td>\n",
       "      <td>...</td>\n",
       "      <td>...</td>\n",
       "      <td>...</td>\n",
       "      <td>...</td>\n",
       "      <td>...</td>\n",
       "      <td>...</td>\n",
       "      <td>...</td>\n",
       "      <td>...</td>\n",
       "      <td>...</td>\n",
       "      <td>...</td>\n",
       "      <td>...</td>\n",
       "      <td>...</td>\n",
       "    </tr>\n",
       "    <tr>\n",
       "      <td>64</td>\n",
       "      <td>58</td>\n",
       "      <td>1</td>\n",
       "      <td>2</td>\n",
       "      <td>126</td>\n",
       "      <td>0</td>\n",
       "      <td>1</td>\n",
       "      <td>0</td>\n",
       "      <td>110</td>\n",
       "      <td>1</td>\n",
       "      <td>2.0</td>\n",
       "      <td>2</td>\n",
       "      <td>3</td>\n",
       "      <td>2</td>\n",
       "    </tr>\n",
       "    <tr>\n",
       "      <td>65</td>\n",
       "      <td>69</td>\n",
       "      <td>1</td>\n",
       "      <td>3</td>\n",
       "      <td>140</td>\n",
       "      <td>0</td>\n",
       "      <td>1</td>\n",
       "      <td>1</td>\n",
       "      <td>118</td>\n",
       "      <td>0</td>\n",
       "      <td>2.5</td>\n",
       "      <td>3</td>\n",
       "      <td>3</td>\n",
       "      <td>2</td>\n",
       "    </tr>\n",
       "    <tr>\n",
       "      <td>66</td>\n",
       "      <td>67</td>\n",
       "      <td>1</td>\n",
       "      <td>1</td>\n",
       "      <td>142</td>\n",
       "      <td>270</td>\n",
       "      <td>1</td>\n",
       "      <td>0</td>\n",
       "      <td>125</td>\n",
       "      <td>0</td>\n",
       "      <td>2.5</td>\n",
       "      <td>1</td>\n",
       "      <td>3</td>\n",
       "      <td>3</td>\n",
       "    </tr>\n",
       "    <tr>\n",
       "      <td>67</td>\n",
       "      <td>58</td>\n",
       "      <td>1</td>\n",
       "      <td>4</td>\n",
       "      <td>120</td>\n",
       "      <td>0</td>\n",
       "      <td>0</td>\n",
       "      <td>2</td>\n",
       "      <td>106</td>\n",
       "      <td>1</td>\n",
       "      <td>1.5</td>\n",
       "      <td>3</td>\n",
       "      <td>7</td>\n",
       "      <td>1</td>\n",
       "    </tr>\n",
       "    <tr>\n",
       "      <td>68</td>\n",
       "      <td>65</td>\n",
       "      <td>1</td>\n",
       "      <td>4</td>\n",
       "      <td>152</td>\n",
       "      <td>0</td>\n",
       "      <td>0</td>\n",
       "      <td>0</td>\n",
       "      <td>120</td>\n",
       "      <td>0</td>\n",
       "      <td>3.0</td>\n",
       "      <td>3</td>\n",
       "      <td>6</td>\n",
       "      <td>1</td>\n",
       "    </tr>\n",
       "  </tbody>\n",
       "</table>\n",
       "<p>69 rows × 13 columns</p>\n",
       "</div>"
      ],
      "text/plain": [
       "    age  sex  cp  trestbps  chol  fbs  restecg  thalach  exang  oldpeak  \\\n",
       "0    63    1   4       140   260    0        1      112      1      3.0   \n",
       "1    44    1   4       130   209    0        1      127      0      0.0   \n",
       "2    60    1   4       132   218    0        1      140      1      1.5   \n",
       "3    55    1   4       142   228    0        1      149      1      2.5   \n",
       "4    66    1   3       110   213    1        2       99      1      1.3   \n",
       "..  ...  ...  ..       ...   ...  ...      ...      ...    ...      ...   \n",
       "64   58    1   2       126     0    1        0      110      1      2.0   \n",
       "65   69    1   3       140     0    1        1      118      0      2.5   \n",
       "66   67    1   1       142   270    1        0      125      0      2.5   \n",
       "67   58    1   4       120     0    0        2      106      1      1.5   \n",
       "68   65    1   4       152     0    0        0      120      0      3.0   \n",
       "\n",
       "    slope  thal  target  \n",
       "0       2     6       2  \n",
       "1       2     6       0  \n",
       "2       3     6       2  \n",
       "3       1     6       1  \n",
       "4       2     6       0  \n",
       "..    ...   ...     ...  \n",
       "64      2     3       2  \n",
       "65      3     3       2  \n",
       "66      1     3       3  \n",
       "67      3     7       1  \n",
       "68      3     6       1  \n",
       "\n",
       "[69 rows x 13 columns]"
      ]
     },
     "execution_count": 60,
     "metadata": {},
     "output_type": "execute_result"
    }
   ],
   "source": [
    "import pandas as pd\n",
    "df_HD=pd.read_csv(\"Heart Disease.csv\", sep=\",\")\n",
    "df_HD"
   ]
  },
  {
   "cell_type": "code",
   "execution_count": 99,
   "metadata": {},
   "outputs": [
    {
     "data": {
      "text/html": [
       "<div>\n",
       "<style scoped>\n",
       "    .dataframe tbody tr th:only-of-type {\n",
       "        vertical-align: middle;\n",
       "    }\n",
       "\n",
       "    .dataframe tbody tr th {\n",
       "        vertical-align: top;\n",
       "    }\n",
       "\n",
       "    .dataframe thead th {\n",
       "        text-align: right;\n",
       "    }\n",
       "</style>\n",
       "<table border=\"1\" class=\"dataframe\">\n",
       "  <thead>\n",
       "    <tr style=\"text-align: right;\">\n",
       "      <th></th>\n",
       "      <th>age</th>\n",
       "      <th>sex</th>\n",
       "      <th>cp</th>\n",
       "      <th>trestbps</th>\n",
       "      <th>chol</th>\n",
       "      <th>fbs</th>\n",
       "      <th>restecg</th>\n",
       "      <th>thalach</th>\n",
       "      <th>exang</th>\n",
       "      <th>oldpeak</th>\n",
       "      <th>slope</th>\n",
       "      <th>thal</th>\n",
       "      <th>target</th>\n",
       "    </tr>\n",
       "  </thead>\n",
       "  <tbody>\n",
       "    <tr>\n",
       "      <td>count</td>\n",
       "      <td>69.000000</td>\n",
       "      <td>69.000000</td>\n",
       "      <td>69.000000</td>\n",
       "      <td>69.000000</td>\n",
       "      <td>69.000000</td>\n",
       "      <td>69.000000</td>\n",
       "      <td>69.000000</td>\n",
       "      <td>69.000000</td>\n",
       "      <td>69.000000</td>\n",
       "      <td>69.000000</td>\n",
       "      <td>69.000000</td>\n",
       "      <td>69.000000</td>\n",
       "      <td>69.000000</td>\n",
       "    </tr>\n",
       "    <tr>\n",
       "      <td>mean</td>\n",
       "      <td>58.855072</td>\n",
       "      <td>0.985507</td>\n",
       "      <td>3.521739</td>\n",
       "      <td>121.289855</td>\n",
       "      <td>5.832761</td>\n",
       "      <td>0.333333</td>\n",
       "      <td>0.681159</td>\n",
       "      <td>120.869565</td>\n",
       "      <td>0.594203</td>\n",
       "      <td>1.330435</td>\n",
       "      <td>2.391304</td>\n",
       "      <td>5.173913</td>\n",
       "      <td>1.478261</td>\n",
       "    </tr>\n",
       "    <tr>\n",
       "      <td>std</td>\n",
       "      <td>6.826151</td>\n",
       "      <td>0.120386</td>\n",
       "      <td>0.719655</td>\n",
       "      <td>41.515093</td>\n",
       "      <td>7.399865</td>\n",
       "      <td>0.474858</td>\n",
       "      <td>0.629957</td>\n",
       "      <td>22.659184</td>\n",
       "      <td>0.494643</td>\n",
       "      <td>1.037432</td>\n",
       "      <td>0.711614</td>\n",
       "      <td>1.644568</td>\n",
       "      <td>1.195687</td>\n",
       "    </tr>\n",
       "    <tr>\n",
       "      <td>min</td>\n",
       "      <td>40.000000</td>\n",
       "      <td>0.000000</td>\n",
       "      <td>1.000000</td>\n",
       "      <td>0.000000</td>\n",
       "      <td>0.000000</td>\n",
       "      <td>0.000000</td>\n",
       "      <td>0.000000</td>\n",
       "      <td>80.000000</td>\n",
       "      <td>0.000000</td>\n",
       "      <td>-0.500000</td>\n",
       "      <td>1.000000</td>\n",
       "      <td>3.000000</td>\n",
       "      <td>0.000000</td>\n",
       "    </tr>\n",
       "    <tr>\n",
       "      <td>25%</td>\n",
       "      <td>56.000000</td>\n",
       "      <td>1.000000</td>\n",
       "      <td>3.000000</td>\n",
       "      <td>120.000000</td>\n",
       "      <td>0.000000</td>\n",
       "      <td>0.000000</td>\n",
       "      <td>0.000000</td>\n",
       "      <td>107.000000</td>\n",
       "      <td>0.000000</td>\n",
       "      <td>0.000000</td>\n",
       "      <td>2.000000</td>\n",
       "      <td>3.000000</td>\n",
       "      <td>0.000000</td>\n",
       "    </tr>\n",
       "    <tr>\n",
       "      <td>50%</td>\n",
       "      <td>60.000000</td>\n",
       "      <td>1.000000</td>\n",
       "      <td>4.000000</td>\n",
       "      <td>126.000000</td>\n",
       "      <td>0.000000</td>\n",
       "      <td>0.000000</td>\n",
       "      <td>1.000000</td>\n",
       "      <td>120.000000</td>\n",
       "      <td>1.000000</td>\n",
       "      <td>1.500000</td>\n",
       "      <td>3.000000</td>\n",
       "      <td>6.000000</td>\n",
       "      <td>1.000000</td>\n",
       "    </tr>\n",
       "    <tr>\n",
       "      <td>75%</td>\n",
       "      <td>63.000000</td>\n",
       "      <td>1.000000</td>\n",
       "      <td>4.000000</td>\n",
       "      <td>140.000000</td>\n",
       "      <td>14.764823</td>\n",
       "      <td>1.000000</td>\n",
       "      <td>1.000000</td>\n",
       "      <td>133.000000</td>\n",
       "      <td>1.000000</td>\n",
       "      <td>2.000000</td>\n",
       "      <td>3.000000</td>\n",
       "      <td>6.000000</td>\n",
       "      <td>2.000000</td>\n",
       "    </tr>\n",
       "    <tr>\n",
       "      <td>max</td>\n",
       "      <td>77.000000</td>\n",
       "      <td>1.000000</td>\n",
       "      <td>4.000000</td>\n",
       "      <td>180.000000</td>\n",
       "      <td>17.776389</td>\n",
       "      <td>1.000000</td>\n",
       "      <td>2.000000</td>\n",
       "      <td>180.000000</td>\n",
       "      <td>1.000000</td>\n",
       "      <td>3.000000</td>\n",
       "      <td>3.000000</td>\n",
       "      <td>7.000000</td>\n",
       "      <td>4.000000</td>\n",
       "    </tr>\n",
       "  </tbody>\n",
       "</table>\n",
       "</div>"
      ],
      "text/plain": [
       "             age        sex         cp    trestbps       chol        fbs  \\\n",
       "count  69.000000  69.000000  69.000000   69.000000  69.000000  69.000000   \n",
       "mean   58.855072   0.985507   3.521739  121.289855   5.832761   0.333333   \n",
       "std     6.826151   0.120386   0.719655   41.515093   7.399865   0.474858   \n",
       "min    40.000000   0.000000   1.000000    0.000000   0.000000   0.000000   \n",
       "25%    56.000000   1.000000   3.000000  120.000000   0.000000   0.000000   \n",
       "50%    60.000000   1.000000   4.000000  126.000000   0.000000   0.000000   \n",
       "75%    63.000000   1.000000   4.000000  140.000000  14.764823   1.000000   \n",
       "max    77.000000   1.000000   4.000000  180.000000  17.776389   1.000000   \n",
       "\n",
       "         restecg     thalach      exang    oldpeak      slope       thal  \\\n",
       "count  69.000000   69.000000  69.000000  69.000000  69.000000  69.000000   \n",
       "mean    0.681159  120.869565   0.594203   1.330435   2.391304   5.173913   \n",
       "std     0.629957   22.659184   0.494643   1.037432   0.711614   1.644568   \n",
       "min     0.000000   80.000000   0.000000  -0.500000   1.000000   3.000000   \n",
       "25%     0.000000  107.000000   0.000000   0.000000   2.000000   3.000000   \n",
       "50%     1.000000  120.000000   1.000000   1.500000   3.000000   6.000000   \n",
       "75%     1.000000  133.000000   1.000000   2.000000   3.000000   6.000000   \n",
       "max     2.000000  180.000000   1.000000   3.000000   3.000000   7.000000   \n",
       "\n",
       "          target  \n",
       "count  69.000000  \n",
       "mean    1.478261  \n",
       "std     1.195687  \n",
       "min     0.000000  \n",
       "25%     0.000000  \n",
       "50%     1.000000  \n",
       "75%     2.000000  \n",
       "max     4.000000  "
      ]
     },
     "execution_count": 99,
     "metadata": {},
     "output_type": "execute_result"
    }
   ],
   "source": [
    "#statistical description\n",
    "df_HD.describe()\n",
    "#high std deviation for trestbps and thalach\n",
    "#mean is less than median in most cases except for target\n",
    "#differencein max and 75% percentile isnot very high. So less outliers is denoted."
   ]
  },
  {
   "cell_type": "code",
   "execution_count": 61,
   "metadata": {},
   "outputs": [],
   "source": [
    "#age: displays age of patient\n",
    "#sex: 1=male,0=female\n",
    "#chest pain type(cp): 1=typical angina,2=atypical angina,3=non anginal pain,4=asymptotic\n",
    "#Rest blood pressure(trestbps):mmHg (unit)\n",
    "#Serum cholestrol(chol): mg/dl(unit)\n",
    "#Fasting Blood Sugar(fbs): >120mg/dl then:1(true) else:0(false)\n",
    "#Resting ecg(restecg): 0=normal,1=ST-T wave abnormality,2= left ventricular hyperthrophy\n",
    "#Max heart rate(thalach)\n",
    "#Exercise induced angina(exang): 1=yes,0=no\n",
    "#thal:displays thalassemia: 3=normal,6=fixed defect,7=reversible defect\n",
    "#Target:heart disease diagnose, 0 =absence 1,2,3,4=present"
   ]
  },
  {
   "cell_type": "code",
   "execution_count": 62,
   "metadata": {},
   "outputs": [
    {
     "data": {
      "text/plain": [
       "age         0\n",
       "sex         0\n",
       "cp          0\n",
       "trestbps    0\n",
       "chol        0\n",
       "fbs         0\n",
       "restecg     0\n",
       "thalach     0\n",
       "exang       0\n",
       "oldpeak     0\n",
       "slope       0\n",
       "thal        0\n",
       "target      0\n",
       "dtype: int64"
      ]
     },
     "execution_count": 62,
     "metadata": {},
     "output_type": "execute_result"
    }
   ],
   "source": [
    "df_HD.isnull().sum()\n",
    "#no null values present"
   ]
  },
  {
   "cell_type": "code",
   "execution_count": 63,
   "metadata": {},
   "outputs": [
    {
     "data": {
      "text/plain": [
       "(69, 13)"
      ]
     },
     "execution_count": 63,
     "metadata": {},
     "output_type": "execute_result"
    }
   ],
   "source": [
    "df_HD.shape"
   ]
  },
  {
   "cell_type": "code",
   "execution_count": 64,
   "metadata": {},
   "outputs": [
    {
     "data": {
      "text/html": [
       "<div>\n",
       "<style scoped>\n",
       "    .dataframe tbody tr th:only-of-type {\n",
       "        vertical-align: middle;\n",
       "    }\n",
       "\n",
       "    .dataframe tbody tr th {\n",
       "        vertical-align: top;\n",
       "    }\n",
       "\n",
       "    .dataframe thead th {\n",
       "        text-align: right;\n",
       "    }\n",
       "</style>\n",
       "<table border=\"1\" class=\"dataframe\">\n",
       "  <thead>\n",
       "    <tr style=\"text-align: right;\">\n",
       "      <th></th>\n",
       "      <th>age</th>\n",
       "      <th>sex</th>\n",
       "      <th>cp</th>\n",
       "      <th>trestbps</th>\n",
       "      <th>chol</th>\n",
       "      <th>fbs</th>\n",
       "      <th>restecg</th>\n",
       "      <th>thalach</th>\n",
       "      <th>exang</th>\n",
       "      <th>oldpeak</th>\n",
       "      <th>slope</th>\n",
       "      <th>thal</th>\n",
       "      <th>target</th>\n",
       "    </tr>\n",
       "  </thead>\n",
       "  <tbody>\n",
       "    <tr>\n",
       "      <td>age</td>\n",
       "      <td>1.000000</td>\n",
       "      <td>-0.074175</td>\n",
       "      <td>-0.110112</td>\n",
       "      <td>0.064446</td>\n",
       "      <td>-0.049338</td>\n",
       "      <td>-0.034782</td>\n",
       "      <td>0.043813</td>\n",
       "      <td>-0.333556</td>\n",
       "      <td>0.221870</td>\n",
       "      <td>0.165515</td>\n",
       "      <td>-0.178880</td>\n",
       "      <td>-0.052741</td>\n",
       "      <td>0.212216</td>\n",
       "    </tr>\n",
       "    <tr>\n",
       "      <td>sex</td>\n",
       "      <td>-0.074175</td>\n",
       "      <td>1.000000</td>\n",
       "      <td>0.258304</td>\n",
       "      <td>0.056760</td>\n",
       "      <td>0.093945</td>\n",
       "      <td>0.085749</td>\n",
       "      <td>0.132085</td>\n",
       "      <td>0.004688</td>\n",
       "      <td>-0.100215</td>\n",
       "      <td>-0.196589</td>\n",
       "      <td>-0.104489</td>\n",
       "      <td>-0.061361</td>\n",
       "      <td>0.151025</td>\n",
       "    </tr>\n",
       "    <tr>\n",
       "      <td>cp</td>\n",
       "      <td>-0.110112</td>\n",
       "      <td>0.258304</td>\n",
       "      <td>1.000000</td>\n",
       "      <td>-0.018426</td>\n",
       "      <td>-0.038844</td>\n",
       "      <td>-0.129099</td>\n",
       "      <td>0.145267</td>\n",
       "      <td>-0.232044</td>\n",
       "      <td>0.231706</td>\n",
       "      <td>-0.206736</td>\n",
       "      <td>0.083651</td>\n",
       "      <td>0.046461</td>\n",
       "      <td>0.030465</td>\n",
       "    </tr>\n",
       "    <tr>\n",
       "      <td>trestbps</td>\n",
       "      <td>0.064446</td>\n",
       "      <td>0.056760</td>\n",
       "      <td>-0.018426</td>\n",
       "      <td>1.000000</td>\n",
       "      <td>-0.072763</td>\n",
       "      <td>-0.036304</td>\n",
       "      <td>0.175090</td>\n",
       "      <td>0.151508</td>\n",
       "      <td>0.109651</td>\n",
       "      <td>0.138079</td>\n",
       "      <td>-0.078563</td>\n",
       "      <td>0.146580</td>\n",
       "      <td>-0.109782</td>\n",
       "    </tr>\n",
       "    <tr>\n",
       "      <td>chol</td>\n",
       "      <td>-0.049338</td>\n",
       "      <td>0.093945</td>\n",
       "      <td>-0.038844</td>\n",
       "      <td>-0.072763</td>\n",
       "      <td>1.000000</td>\n",
       "      <td>0.231801</td>\n",
       "      <td>0.092571</td>\n",
       "      <td>0.124726</td>\n",
       "      <td>-0.025312</td>\n",
       "      <td>0.008603</td>\n",
       "      <td>-0.033346</td>\n",
       "      <td>-0.176159</td>\n",
       "      <td>0.084118</td>\n",
       "    </tr>\n",
       "    <tr>\n",
       "      <td>fbs</td>\n",
       "      <td>-0.034782</td>\n",
       "      <td>0.085749</td>\n",
       "      <td>-0.129099</td>\n",
       "      <td>-0.036304</td>\n",
       "      <td>0.231801</td>\n",
       "      <td>1.000000</td>\n",
       "      <td>0.114708</td>\n",
       "      <td>0.179042</td>\n",
       "      <td>-0.166957</td>\n",
       "      <td>-0.053733</td>\n",
       "      <td>-0.043519</td>\n",
       "      <td>0.037662</td>\n",
       "      <td>0.129503</td>\n",
       "    </tr>\n",
       "    <tr>\n",
       "      <td>restecg</td>\n",
       "      <td>0.043813</td>\n",
       "      <td>0.132085</td>\n",
       "      <td>0.145267</td>\n",
       "      <td>0.175090</td>\n",
       "      <td>0.092571</td>\n",
       "      <td>0.114708</td>\n",
       "      <td>1.000000</td>\n",
       "      <td>0.051646</td>\n",
       "      <td>0.003420</td>\n",
       "      <td>-0.020937</td>\n",
       "      <td>0.085577</td>\n",
       "      <td>0.025921</td>\n",
       "      <td>-0.028861</td>\n",
       "    </tr>\n",
       "    <tr>\n",
       "      <td>thalach</td>\n",
       "      <td>-0.333556</td>\n",
       "      <td>0.004688</td>\n",
       "      <td>-0.232044</td>\n",
       "      <td>0.151508</td>\n",
       "      <td>0.124726</td>\n",
       "      <td>0.179042</td>\n",
       "      <td>0.051646</td>\n",
       "      <td>1.000000</td>\n",
       "      <td>-0.167488</td>\n",
       "      <td>0.180215</td>\n",
       "      <td>-0.258537</td>\n",
       "      <td>0.207801</td>\n",
       "      <td>-0.116534</td>\n",
       "    </tr>\n",
       "    <tr>\n",
       "      <td>exang</td>\n",
       "      <td>0.221870</td>\n",
       "      <td>-0.100215</td>\n",
       "      <td>0.231706</td>\n",
       "      <td>0.109651</td>\n",
       "      <td>-0.025312</td>\n",
       "      <td>-0.166957</td>\n",
       "      <td>0.003420</td>\n",
       "      <td>-0.167488</td>\n",
       "      <td>1.000000</td>\n",
       "      <td>0.061676</td>\n",
       "      <td>-0.085374</td>\n",
       "      <td>-0.020436</td>\n",
       "      <td>0.208646</td>\n",
       "    </tr>\n",
       "    <tr>\n",
       "      <td>oldpeak</td>\n",
       "      <td>0.165515</td>\n",
       "      <td>-0.196589</td>\n",
       "      <td>-0.206736</td>\n",
       "      <td>0.138079</td>\n",
       "      <td>0.008603</td>\n",
       "      <td>-0.053733</td>\n",
       "      <td>-0.020937</td>\n",
       "      <td>0.180215</td>\n",
       "      <td>0.061676</td>\n",
       "      <td>1.000000</td>\n",
       "      <td>-0.201624</td>\n",
       "      <td>-0.060036</td>\n",
       "      <td>0.201489</td>\n",
       "    </tr>\n",
       "    <tr>\n",
       "      <td>slope</td>\n",
       "      <td>-0.178880</td>\n",
       "      <td>-0.104489</td>\n",
       "      <td>0.083651</td>\n",
       "      <td>-0.078563</td>\n",
       "      <td>-0.033346</td>\n",
       "      <td>-0.043519</td>\n",
       "      <td>0.085577</td>\n",
       "      <td>-0.258537</td>\n",
       "      <td>-0.085374</td>\n",
       "      <td>-0.201624</td>\n",
       "      <td>1.000000</td>\n",
       "      <td>-0.121835</td>\n",
       "      <td>-0.084914</td>\n",
       "    </tr>\n",
       "    <tr>\n",
       "      <td>thal</td>\n",
       "      <td>-0.052741</td>\n",
       "      <td>-0.061361</td>\n",
       "      <td>0.046461</td>\n",
       "      <td>0.146580</td>\n",
       "      <td>-0.176159</td>\n",
       "      <td>0.037662</td>\n",
       "      <td>0.025921</td>\n",
       "      <td>0.207801</td>\n",
       "      <td>-0.020436</td>\n",
       "      <td>-0.060036</td>\n",
       "      <td>-0.121835</td>\n",
       "      <td>1.000000</td>\n",
       "      <td>-0.349544</td>\n",
       "    </tr>\n",
       "    <tr>\n",
       "      <td>target</td>\n",
       "      <td>0.212216</td>\n",
       "      <td>0.151025</td>\n",
       "      <td>0.030465</td>\n",
       "      <td>-0.109782</td>\n",
       "      <td>0.084118</td>\n",
       "      <td>0.129503</td>\n",
       "      <td>-0.028861</td>\n",
       "      <td>-0.116534</td>\n",
       "      <td>0.208646</td>\n",
       "      <td>0.201489</td>\n",
       "      <td>-0.084914</td>\n",
       "      <td>-0.349544</td>\n",
       "      <td>1.000000</td>\n",
       "    </tr>\n",
       "  </tbody>\n",
       "</table>\n",
       "</div>"
      ],
      "text/plain": [
       "               age       sex        cp  trestbps      chol       fbs  \\\n",
       "age       1.000000 -0.074175 -0.110112  0.064446 -0.049338 -0.034782   \n",
       "sex      -0.074175  1.000000  0.258304  0.056760  0.093945  0.085749   \n",
       "cp       -0.110112  0.258304  1.000000 -0.018426 -0.038844 -0.129099   \n",
       "trestbps  0.064446  0.056760 -0.018426  1.000000 -0.072763 -0.036304   \n",
       "chol     -0.049338  0.093945 -0.038844 -0.072763  1.000000  0.231801   \n",
       "fbs      -0.034782  0.085749 -0.129099 -0.036304  0.231801  1.000000   \n",
       "restecg   0.043813  0.132085  0.145267  0.175090  0.092571  0.114708   \n",
       "thalach  -0.333556  0.004688 -0.232044  0.151508  0.124726  0.179042   \n",
       "exang     0.221870 -0.100215  0.231706  0.109651 -0.025312 -0.166957   \n",
       "oldpeak   0.165515 -0.196589 -0.206736  0.138079  0.008603 -0.053733   \n",
       "slope    -0.178880 -0.104489  0.083651 -0.078563 -0.033346 -0.043519   \n",
       "thal     -0.052741 -0.061361  0.046461  0.146580 -0.176159  0.037662   \n",
       "target    0.212216  0.151025  0.030465 -0.109782  0.084118  0.129503   \n",
       "\n",
       "           restecg   thalach     exang   oldpeak     slope      thal    target  \n",
       "age       0.043813 -0.333556  0.221870  0.165515 -0.178880 -0.052741  0.212216  \n",
       "sex       0.132085  0.004688 -0.100215 -0.196589 -0.104489 -0.061361  0.151025  \n",
       "cp        0.145267 -0.232044  0.231706 -0.206736  0.083651  0.046461  0.030465  \n",
       "trestbps  0.175090  0.151508  0.109651  0.138079 -0.078563  0.146580 -0.109782  \n",
       "chol      0.092571  0.124726 -0.025312  0.008603 -0.033346 -0.176159  0.084118  \n",
       "fbs       0.114708  0.179042 -0.166957 -0.053733 -0.043519  0.037662  0.129503  \n",
       "restecg   1.000000  0.051646  0.003420 -0.020937  0.085577  0.025921 -0.028861  \n",
       "thalach   0.051646  1.000000 -0.167488  0.180215 -0.258537  0.207801 -0.116534  \n",
       "exang     0.003420 -0.167488  1.000000  0.061676 -0.085374 -0.020436  0.208646  \n",
       "oldpeak  -0.020937  0.180215  0.061676  1.000000 -0.201624 -0.060036  0.201489  \n",
       "slope     0.085577 -0.258537 -0.085374 -0.201624  1.000000 -0.121835 -0.084914  \n",
       "thal      0.025921  0.207801 -0.020436 -0.060036 -0.121835  1.000000 -0.349544  \n",
       "target   -0.028861 -0.116534  0.208646  0.201489 -0.084914 -0.349544  1.000000  "
      ]
     },
     "execution_count": 64,
     "metadata": {},
     "output_type": "execute_result"
    }
   ],
   "source": [
    "df_cor=df_HD.corr()\n",
    "df_cor\n",
    "#target ismoderately correlated with other inputs."
   ]
  },
  {
   "cell_type": "code",
   "execution_count": 65,
   "metadata": {},
   "outputs": [
    {
     "data": {
      "text/plain": [
       "<matplotlib.axes._subplots.AxesSubplot at 0xe437caaac8>"
      ]
     },
     "execution_count": 65,
     "metadata": {},
     "output_type": "execute_result"
    },
    {
     "data": {
